Rk,,Age,G,GS,MP,FG,FGA,FG%,3P,3PA,3P%,2P,2PA,2P%,eFG%,FT,FTA,FT%,ORB,DRB,TRB,AST,STL,BLK,TOV,PF,PTS/G
1,Paul George, georgpa01,28,77,77,36.9,9.2,21,0.438,3.8,9.8,0.386,5.4,11.1,0.484,0.529,5.9,7,0.839,1.4,6.8,8.2,4.1,2.2,0.4,2.7,2.8,28
2,Russell Westbrook, westbru01,30,73,73,36,8.6,20.2,0.428,1.6,5.6,0.29,7,14.5,0.481,0.468,4.1,6.2,0.656,1.5,9.6,11.1,10.7,1.9,0.5,4.5,3.4,22.9
3,Steven Adams, adamsst01,25,80,80,33.4,6,10.1,0.595,0,0,0,6,10.1,0.596,0.595,1.8,3.7,0.5,4.9,4.6,9.5,1.6,1.5,1,1.7,2.6,13.9
4,Jerami Grant, grantje01,24,80,77,32.7,5.1,10.3,0.497,1.4,3.7,0.392,3.7,6.6,0.555,0.567,2,2.8,0.71,1.2,4,5.2,1,0.8,1.3,0.8,2.7,13.6
5,Dennis Schroder, schrode01,25,79,14,29.3,5.8,14,0.414,1.6,4.6,0.341,4.2,9.4,0.45,0.47,2.4,2.9,0.819,0.5,3.1,3.6,4.1,0.8,0.2,2.2,2.4,15.5
6,Terrance Ferguson, fergute01,20,74,74,26.1,2.5,5.8,0.429,1.4,3.9,0.366,1.1,1.9,0.56,0.552,0.5,0.7,0.725,0.4,1.5,1.9,1,0.5,0.2,0.6,3.1,6.9
7,Alex Abrines, abrinal01,25,31,2,19,1.8,5.1,0.357,1.3,4.1,0.323,0.5,1,0.5,0.487,0.4,0.4,0.923,0.2,1.4,1.5,0.6,0.5,0.2,0.5,1.7,5.3
8,Markieff Morris, morrima02,29,24,1,16.1,2.5,6.5,0.391,0.8,2.5,0.339,1.7,4,0.423,0.455,0.6,0.8,0.737,0.8,3,3.8,0.8,0.5,0.1,0.3,2.4,6.5
9,Patrick Patterson, pattepa01,29,63,5,13.7,1.3,3.5,0.374,0.7,2.2,0.336,0.6,1.3,0.439,0.479,0.3,0.5,0.633,0.7,1.7,2.3,0.5,0.3,0.2,0.3,0.7,3.6
10,Nerlens Noel, noelne01,24,77,2,13.7,2.1,3.6,0.587,0,0,,2.1,3.6,0.587,0.587,0.7,1,0.684,1.6,2.6,4.2,0.6,0.9,1.2,0.6,2.2,4.9
11,Raymond Felton, feltora01,34,33,0,11.5,1.7,4.1,0.407,0.6,1.8,0.328,1.1,2.2,0.473,0.481,0.4,0.4,0.923,0.1,0.9,1,1.6,0.3,0.2,0.4,0.9,4.3
12,Abdel Nader, naderab01,25,61,1,11.4,1.5,3.5,0.423,0.5,1.6,0.32,1,1.9,0.513,0.498,0.4,0.6,0.75,0.2,1.7,1.9,0.3,0.3,0.2,0.4,1.1,4
13,Hamidou Diallo, diallha01,20,51,3,10.3,1.5,3.2,0.455,0.1,0.5,0.167,1.4,2.8,0.504,0.467,0.7,1.2,0.61,0.7,1.2,1.9,0.3,0.4,0.2,0.5,1.5,3.7
14,Deonte Burton, burtode02,25,32,0,7.5,1,2.6,0.402,0.3,0.8,0.296,0.8,1.7,0.455,0.451,0.3,0.4,0.667,0.1,0.8,0.9,0.3,0.2,0.3,0.3,1,2.6
15,Timothe Luwawu-Cabarrot, luwawti01,23,21,1,5.9,0.6,2,0.302,0.2,1,0.227,0.4,1,0.381,0.36,0.2,0.3,0.667,0.2,0.7,0.9,0.2,0.2,0,0.2,0.7,1.7
16,Tyler Davis, davisty01,21,1,0,1,0,1,0,0,0,,0,1,0,0,0,0,,1,0,1,0,0,0,0,0,0
17,Jawun Evans, evansja01,22,1,0,1,0,1,0,0,1,0,0,0,,0,0,0,,0,0,0,0,0,0,0,0,0
18,Donte Grantham, grantdo01,23,3,0,0.7,0,0.7,0,0,0.7,0,0,0,,0,0,0,,0,0,0,0,0,0,0,0,0
19,Kevin Durant, duranke01,30,78,78,34.6,9.2,17.7,0.521,1.8,5,0.353,7.5,12.8,0.587,0.571,5.7,6.5,0.885,0.4,5.9,6.4,5.9,0.7,1.1,2.9,2,26
20,Klay Thompson, thompkl01,28,78,78,34,8.4,18,0.467,3.1,7.7,0.402,5.3,10.3,0.516,0.553,1.7,2,0.816,0.5,3.4,3.8,2.4,1.1,0.6,1.5,2,21.5
21,Stephen Curry, curryst01,30,69,69,33.8,9.2,19.4,0.472,5.1,11.7,0.437,4,7.7,0.525,0.604,3.8,4.2,0.916,0.7,4.7,5.3,5.2,1.3,0.4,2.8,2.4,27.3
22,Draymond Green, greendr01,28,66,66,31.3,2.8,6.4,0.445,0.7,2.5,0.285,2.1,3.9,0.549,0.501,1,1.4,0.692,0.9,6.4,7.3,6.9,1.4,1.1,2.6,3,7.4
23,DeMarcus Cousins, couside01,28,30,30,25.7,5.9,12.4,0.48,0.9,3.2,0.274,5.1,9.2,0.551,0.515,3.5,4.8,0.736,1.4,6.8,8.2,3.6,1.3,1.5,2.4,3.6,16.3
24,Andre Iguodala, iguodan01,35,68,13,23.2,2.2,4.4,0.5,0.7,2.1,0.333,1.5,2.3,0.652,0.579,0.6,1,0.582,0.7,3,3.7,3.2,0.9,0.8,0.8,1.4,5.7
25,Kevon Looney, looneke01,22,80,24,18.5,2.7,4.3,0.625,0,0.1,0.1,2.7,4.2,0.641,0.627,0.8,1.3,0.619,2.4,2.8,5.2,1.5,0.6,0.7,0.6,2.6,6.3
26,Damian Jones, jonesda03,23,24,22,17.1,2.2,3.1,0.716,0,0,,2.2,3.1,0.716,0.716,1,1.5,0.649,1.3,1.8,3.1,1.2,0.5,1,0.7,2.6,5.4
27,Jonas Jerebko, jerebjo01,31,73,6,16.7,2.2,4.9,0.459,0.9,2.6,0.367,1.3,2.3,0.563,0.556,0.9,1.1,0.8,1,3,3.9,1.3,0.4,0.2,0.6,1.9,6.3
28,Shaun Livingston, livinsh01,33,64,0,15.1,1.7,3.3,0.519,0,0,0,1.7,3.3,0.524,0.519,0.6,0.8,0.784,0.7,1.2,1.8,1.8,0.5,0.4,0.6,1.2,4
29,Quinn Cook, cookqu01,25,74,10,14.3,2.8,5.9,0.465,1.1,2.7,0.405,1.7,3.2,0.515,0.557,0.3,0.4,0.769,0.3,1.8,2.1,1.6,0.3,0,0.7,1.2,6.9
30,Alfonzo McKinnie, mckinal01,26,72,5,13.9,1.9,3.8,0.487,0.6,1.6,0.356,1.3,2.2,0.586,0.564,0.4,0.7,0.563,1.1,2.3,3.4,0.4,0.3,0.2,0.4,1.9,4.7
31,Andrew Bogut, bogutan01,34,11,5,12.2,1.6,3.3,0.5,0,0,,1.6,3.3,0.5,0.5,0.3,0.3,1,1.1,3.9,5,1,0.3,0.7,0.7,2,3.5
32,Damion Lee, leeda03,26,32,0,11.7,1.8,4,0.441,0.8,2.1,0.397,0.9,1.8,0.492,0.547,0.6,0.7,0.864,0.3,1.8,2,0.4,0.4,0,0.3,0.9,4.9
33,Jordan Bell, belljo01,24,68,3,11.6,1.5,2.8,0.516,0,0,0,1.5,2.8,0.521,0.516,0.4,0.6,0.61,0.8,1.9,2.7,1.1,0.3,0.8,0.6,1.2,3.3
34,Jacob Evans, evansja02,21,30,1,6.8,0.6,1.8,0.34,0.1,0.5,0.267,0.5,1.3,0.368,0.377,0,0,0,0.2,0.6,0.8,0.8,0.2,0.1,0.4,0.9,1.3
35,Marcus Derrickson, derrima01,22,11,0,6.1,1.5,3,0.485,0.9,1.8,0.5,0.5,1.2,0.462,0.636,0.4,0.5,0.8,0.7,0.5,1.2,0.1,0,0.1,0.3,0.8,4.2
36,James Harden, hardeja01,29,78,78,36.8,10.8,24.5,0.442,4.8,13.2,0.368,6,11.3,0.528,0.541,9.7,11,0.879,0.8,5.8,6.6,7.5,2,0.7,5,3.1,36.1
37,P.J. Tucker, tuckepj01,33,82,82,34.2,2.5,6.4,0.396,1.8,4.7,0.377,0.7,1.7,0.449,0.535,0.5,0.7,0.695,1.5,4.4,5.8,1.2,1.6,0.5,0.8,3.1,7.3
38,Clint Capela, capelca01,24,67,67,33.6,7.1,10.9,0.648,0,0,,7.1,10.9,0.648,0.648,2.5,3.9,0.636,4.4,8.2,12.7,1.4,0.7,1.5,1.4,2.5,16.6
39,Chris Paul, paulch01,33,58,58,32,5.2,12.4,0.419,2.2,6.1,0.358,3,6.3,0.479,0.508,3,3.5,0.862,0.6,3.9,4.6,8.2,2,0.3,2.6,2.5,15.6
40,Eric Gordon, gordoer01,30,68,53,31.7,5.6,13.8,0.409,3.2,8.8,0.36,2.5,5,0.497,0.525,1.8,2.2,0.783,0.3,1.9,2.2,1.9,0.6,0.4,1.3,2.1,16.2
41,Carmelo Anthony, anthoca01,34,10,2,29.4,4.9,12.1,0.405,2.1,6.4,0.328,2.8,5.7,0.491,0.492,1.5,2.2,0.682,0.9,4.5,5.4,0.5,0.4,0.7,0.8,3.2,13.4
42,Austin Rivers, riverau01,26,47,13,28.6,3.3,8,0.413,1.5,4.7,0.321,1.8,3.3,0.541,0.507,0.5,1,0.51,0.3,1.6,1.9,2.3,0.6,0.3,0.7,2.9,8.7
43,Danuel House, houseda01,25,39,13,25.1,3,6.5,0.468,1.9,4.6,0.416,1.1,1.9,0.595,0.615,1.4,1.8,0.789,0.6,2.9,3.6,1,0.5,0.3,0.9,2.1,9.4
44,Kenneth Faried, farieke01,29,25,13,24.4,5.2,8.9,0.587,0.3,0.8,0.35,5,8.1,0.611,0.603,2.2,3.3,0.651,3.3,5,8.2,0.7,0.6,0.8,1.1,3,12.9
45,James Ennis, ennisja01,28,40,25,23.7,2.6,5.3,0.493,1.1,3,0.367,1.5,2.3,0.659,0.597,1.1,1.5,0.724,0.9,2,2.9,0.7,1,0.4,0.6,2.8,7.4
46,Gerald Green, greenge01,33,73,0,20.2,3.2,7.9,0.4,2.1,6,0.354,1,1.9,0.547,0.535,0.8,0.9,0.838,0.4,2.1,2.5,0.5,0.5,0.4,0.8,1.7,9.2
47,Iman Shumpert, shumpim01,28,20,1,19.1,1.7,4.9,0.347,1.1,3.6,0.296,0.7,1.4,0.481,0.454,0.1,0.2,0.5,0.4,2.3,2.7,1.1,0.6,0.2,0.6,1.8,4.6
48,James Nunnally, nunnaja01,28,2,0,19,1.5,6.5,0.231,1.5,6,0.25,0,0.5,0,0.346,0,0,,0,0.5,0.5,1,0,0,0,3,4.5
49,Nene Hilario, hilarne01,36,42,2,13,1.4,2.8,0.517,0,0.1,0,1.4,2.7,0.531,0.517,0.7,1.1,0.66,0.8,2.1,2.9,0.6,0.4,0.4,0.3,2.1,3.6
50,Gary Clark, clarkga01,24,51,2,12.6,1,3,0.331,0.8,2.7,0.297,0.2,0.3,0.692,0.467,0.1,0.1,1,0.5,1.8,2.3,0.4,0.4,0.5,0.1,0.9,2.9
51,Brandon Knight, knighbr03,27,12,0,9.8,0.9,3.9,0.234,0.4,2.7,0.156,0.5,1.3,0.4,0.287,0.8,0.9,0.818,0.1,0.7,0.8,0.8,0.2,0,0.4,1.2,3
52,Michael Carter-Williams, cartemi01,27,16,1,9.1,1.6,3.8,0.41,0.4,1.2,0.368,1.1,2.6,0.429,0.467,0.8,1.6,0.462,0.2,0.6,0.8,1.3,0.6,0.4,0.6,1.7,4.3
53,Vince Edwards, edwarvi01,22,2,0,8,0.5,2,0.25,0.5,2,0.25,0,0,,0.375,0,0,,0.5,0.5,1,0,0,0,0,0,1.5
54,Isaiah Hartenstein, harteis01,20,28,0,7.9,0.7,1.5,0.488,0.1,0.2,0.333,0.6,1.3,0.514,0.512,0.4,0.5,0.786,0.8,0.9,1.7,0.5,0.3,0.4,0.5,2,1.9
55,Marquese Chriss, chrisma01,21,16,0,6.5,0.7,2.1,0.324,0.1,0.9,0.067,0.6,1.2,0.526,0.338,0.4,0.4,0.857,0.4,1.3,1.8,0.4,0.1,0.3,0.8,1.1,1.8
56,Chris Chiozza, chiozch01,23,7,0,4.7,0.3,1.1,0.25,0.3,0.7,0.4,0,0.4,0,0.375,0,0,,0.1,0.4,0.6,0.6,0.1,0.1,0.1,0.3,0.9
57,Terrence Jones, joneste01,27,2,0,2.5,0.5,2,0.25,0,1,0,0.5,1,0.5,0.25,0,0.5,0,0,2,2,0,0,0,0.5,0.5,1
58,Zhou Qi, qizh01,23,1,0,1,1,1,1,0,0,,1,1,1,1,0,0,,0,0,0,0,0,0,0,0,2
59,Jamal Murray, murraja01,21,75,74,32.6,6.8,15.6,0.437,2,5.5,0.367,4.8,10.1,0.476,0.502,2.5,3,0.848,0.9,3.4,4.2,4.8,0.9,0.4,2.1,2,18.2
60,Nikola Jokic, jokicni01,23,80,80,31.3,7.7,15.1,0.511,1,3.4,0.307,6.7,11.7,0.569,0.545,3.6,4.4,0.821,2.9,8,10.8,7.3,1.4,0.7,3.1,2.9,20.1
61,Gary Harris, harriga01,24,57,48,28.8,4.7,11.2,0.424,1.4,4.2,0.339,3.3,6.9,0.476,0.488,2,2.5,0.799,0.7,2.1,2.8,2.2,1,0.3,1.2,2,12.9
62,Will Barton, bartowi01,28,43,38,27.7,4.3,10.7,0.402,1.6,4.6,0.342,2.7,6.1,0.447,0.475,1.3,1.7,0.77,0.7,3.9,4.6,2.9,0.4,0.5,1.5,1.9,11.5
63,Paul Millsap, millspa01,33,70,65,27.1,4.6,9.5,0.484,0.8,2.3,0.365,3.8,7.2,0.522,0.528,2.6,3.6,0.727,2.2,5,7.2,2,1.2,0.8,1.4,2.6,12.6
64,Monte Morris, morrimo01,23,82,6,24,4.2,8.6,0.493,1.1,2.8,0.414,3.1,5.8,0.531,0.56,0.8,1,0.802,0.4,1.9,2.4,3.6,0.9,0,0.6,1.2,10.4
65,Malik Beasley, beaslma01,22,81,18,23.2,4.3,9.1,0.474,2,5,0.402,2.3,4.1,0.56,0.584,0.7,0.8,0.848,0.4,2,2.5,1.2,0.7,0.1,0.7,1.4,11.3
66,Mason Plumlee, plumlma01,28,82,17,21.1,3.2,5.4,0.593,0,0.1,0.2,3.2,5.3,0.602,0.595,1.4,2.4,0.561,2,4.4,6.4,3,0.8,0.9,1.5,3.1,7.8
67,Torrey Craig, craigto01,28,75,37,20,2.1,4.8,0.442,0.8,2.5,0.324,1.3,2.3,0.569,0.526,0.7,0.9,0.7,1.2,2.3,3.5,1,0.5,0.6,0.6,2.3,5.7
68,Juan Hernangomez, hernaju01,23,70,25,19.4,2,4.5,0.439,0.9,2.6,0.365,1,1.9,0.541,0.545,0.9,1.2,0.767,0.9,2.9,3.8,0.8,0.4,0.3,0.5,1.3,5.8
69,Trey Lyles, lylestr01,23,64,2,17.5,3.2,7.7,0.418,0.8,3.1,0.255,2.4,4.6,0.529,0.47,1.3,1.8,0.698,0.7,3.2,3.8,1.4,0.5,0.4,1.1,1.5,8.5
70,Isaiah Thomas, thomais02,29,12,0,15.1,2.8,8.3,0.343,1,3.6,0.279,1.8,4.7,0.393,0.404,1.4,2.3,0.63,0.4,0.7,1.1,1.9,0.4,0.1,1.5,1.4,8.1
71,Nick Young, youngni01,33,4,0,9.3,0.8,2.3,0.333,0.8,2,0.375,0,0.3,0,0.5,0,0,,0,0.3,0.3,0.5,0,0.3,0.5,1,2.3
72,Jarred Vanderbilt, vandeja01,19,17,0,4.1,0.5,1.1,0.474,0,0.1,0,0.5,1.1,0.5,0.474,0.4,0.6,0.6,0.4,0.9,1.4,0.2,0.4,0.1,0.5,0.5,1.4
73,Tyler Lydon, lydonty01,22,25,0,3.8,0.4,0.7,0.5,0.2,0.4,0.4,0.2,0.3,0.625,0.611,0,0.1,0.333,0.3,0.4,0.7,0.2,0.1,0,0.2,0.4,0.9
74,Brandon Goodwin, goodwbr01,23,16,0,3.6,0.4,1.4,0.261,0.1,0.4,0.333,0.3,1.1,0.235,0.304,0.6,0.7,0.818,0.1,0.1,0.2,0.9,0,0,0.2,0.4,1.4
75,Thomas Welsh, welshth01,22,11,0,3.3,0.6,1.2,0.538,0.3,0.6,0.429,0.4,0.5,0.667,0.654,0.1,0.2,0.5,0,0.4,0.4,0.5,0,0,0.1,0.3,1.6
76,DeVaughn Akoon-Purcell, akoonde01,25,7,0,3.1,0.4,1.4,0.3,0,0.6,0,0.4,0.9,0.5,0.3,0.1,0.3,0.5,0.1,0.4,0.6,0.9,0.3,0,0.3,0.6,1
77,Damian Lillard, lillada01,28,80,80,35.5,8.5,19.2,0.444,3,8,0.369,5.6,11.1,0.499,0.522,5.9,6.4,0.912,0.9,3.8,4.6,6.9,1.1,0.4,2.7,1.9,25.8
78,CJ McCollum, mccolcj01,27,70,70,33.9,8.2,17.8,0.459,2.4,6.4,0.375,5.8,11.4,0.506,0.527,2.3,2.7,0.828,0.9,3.1,4,3,0.8,0.4,1.5,2.5,21
79,Al-Farouq Aminu, aminual01,28,81,81,28.3,3.2,7.3,0.433,1.2,3.5,0.343,2,3.9,0.514,0.514,1.9,2.1,0.867,1.4,6.1,7.5,1.3,0.8,0.4,0.9,1.8,9.4
80,Jusuf Nurkic, nurkiju01,24,72,72,27.4,5.8,11.5,0.508,0,0.4,0.103,5.8,11.1,0.523,0.51,3.9,5.1,0.773,3.4,7,10.4,3.2,1,1.4,2.3,3.5,15.6
81,Rodney Hood, hoodro01,26,27,4,24.4,3.6,8,0.452,1.1,3.1,0.345,2.6,4.9,0.519,0.518,1.2,1.5,0.805,0.3,1.4,1.7,1.3,0.8,0.3,0.7,1.7,9.6
82,Maurice Harkless, harklma01,25,60,53,23.6,3.2,6.5,0.487,0.6,2,0.275,2.6,4.5,0.582,0.53,0.8,1.2,0.671,1.3,3.2,4.5,1.2,1.1,0.9,0.8,2.7,7.7
83,Enes Kanter, kanteen01,26,23,8,22.3,5.4,9.3,0.577,0.1,0.5,0.25,5.3,8.8,0.596,0.584,2.2,3,0.735,3.7,4.9,8.6,1.4,0.6,0.4,1.7,2.7,13.1
84,Evan Turner, turneev01,30,73,2,22,2.8,6.1,0.46,0.2,0.7,0.212,2.6,5.4,0.494,0.473,1,1.5,0.708,0.5,4,4.5,3.9,0.5,0.2,1.6,1.5,6.8
85,Seth Curry, curryse01,28,74,2,18.9,2.9,6.3,0.456,1.5,3.4,0.45,1.3,2.9,0.463,0.577,0.6,0.7,0.846,0.4,1.3,1.6,0.9,0.5,0.2,0.8,1.3,7.9
86,Jake Layman, laymaja01,24,71,33,18.7,3,6,0.509,0.8,2.5,0.326,2.2,3.4,0.646,0.579,0.7,1,0.704,0.8,2.3,3.1,0.7,0.4,0.4,0.6,1.6,7.6
87,Zach Collins, colliza01,21,77,0,17.6,2.5,5.2,0.473,0.5,1.6,0.331,1.9,3.6,0.534,0.523,1.2,1.6,0.746,1.4,2.8,4.2,0.9,0.3,0.9,1,2.3,6.6
88,Nik Stauskas, stausni01,25,44,0,15.3,2.2,5.2,0.419,1,2.8,0.344,1.2,2.4,0.51,0.513,0.7,0.8,0.889,0.2,1.6,1.8,1.4,0.3,0.1,0.9,0.7,6.1
89,Meyers Leonard, leoname01,26,61,2,14.4,2.2,4,0.545,0.8,1.8,0.45,1.3,2.1,0.626,0.649,0.7,0.8,0.843,0.8,3,3.8,1.2,0.2,0.1,0.7,1.7,5.9
90,Caleb Swanigan, swanica01,21,18,0,8.1,0.8,2.4,0.318,0.1,0.3,0.2,0.7,2.2,0.333,0.33,0.3,0.4,0.857,0.7,2.2,2.9,0.4,0.2,0,0.9,1.2,1.9
91,Gary Trent, trentga02,20,15,1,7.4,1.1,3.3,0.32,0.3,1.4,0.238,0.7,1.9,0.379,0.37,0.2,0.5,0.429,0.1,0.7,0.7,0.3,0.1,0.1,0.3,0.3,2.7
92,Anfernee Simons, simonan01,19,20,1,7.1,1.4,3.2,0.444,0.5,1.5,0.345,0.9,1.7,0.529,0.524,0.5,0.8,0.563,0.2,0.5,0.7,0.7,0.1,0,0.6,0.5,3.8
93,Skal Labissiere, labissk01,22,9,1,7,1.4,2.1,0.684,0.2,0.2,1,1.2,1.9,0.647,0.737,0.3,0.7,0.5,0.6,1.6,2.1,0.6,0.3,0.3,0.4,0.9,3.4
94,Wade Baldwin, baldwwa01,22,16,0,5.9,0.6,2.1,0.303,0.1,0.6,0.222,0.5,1.5,0.333,0.333,0.5,0.7,0.727,0.1,0.8,0.9,0.8,0.1,0.1,0.9,0.7,1.9
95,Donovan Mitchell, mitchdo01,22,77,77,33.7,8.6,19.9,0.432,2.4,6.7,0.362,6.1,13.1,0.468,0.493,4.1,5.1,0.806,0.8,3.3,4.1,4.2,1.4,0.4,2.8,2.7,23.8
96,Rudy Gobert, goberru01,26,81,80,31.8,5.9,8.8,0.669,0,0,,5.9,8.8,0.669,0.669,4.1,6.4,0.636,3.8,9,12.9,2,0.8,2.3,1.6,2.9,15.9
97,Joe Ingles, inglejo01,31,82,82,31.3,4.4,9.8,0.448,2.3,5.9,0.391,2.1,3.9,0.533,0.565,1.1,1.5,0.707,0.4,3.6,4,5.7,1.2,0.2,2.4,2.2,12.1
98,Ricky Rubio, rubiori01,28,68,67,27.9,4.3,10.7,0.404,1.2,3.7,0.311,3.2,7,0.454,0.458,2.9,3.4,0.855,0.5,3.1,3.6,6.1,1.3,0.1,2.6,2.6,12.7
99,Jae Crowder, crowdja01,28,80,11,27.1,4,10,0.399,2.2,6.5,0.331,1.8,3.4,0.527,0.508,1.8,2.5,0.721,0.8,4.1,4.8,1.7,0.8,0.4,1.1,2.1,11.9
100,Derrick Favors, favorde01,27,76,70,23.2,4.8,8.1,0.586,0.2,1,0.218,4.6,7.1,0.64,0.6,2,3,0.675,2.7,4.6,7.4,1.2,0.7,1.4,1.1,2.1,11.8
101,Royce O'Neale, onealro01,25,82,16,20.4,2,4.2,0.475,0.8,2.1,0.386,1.2,2,0.569,0.574,0.4,0.5,0.762,0.3,3.2,3.5,1.5,0.7,0.3,0.9,2.1,5.2
102,Kyle Korver, korveky01,37,54,0,20.1,3.1,7.5,0.408,2.1,5.4,0.384,1,2.1,0.469,0.547,0.9,1.1,0.825,0.2,2.3,2.5,1.2,0.4,0.2,0.8,1.6,9.1
103,Dante Exum, exumda01,23,42,1,15.8,2.4,5.7,0.419,0.4,1.5,0.29,2,4.3,0.464,0.456,1.6,2,0.791,0.4,1.2,1.6,2.6,0.3,0.1,1.2,1.6,6.9
104,Alec Burks, burksal01,27,17,0,15.8,2.8,6.7,0.412,0.9,2.5,0.372,1.8,4.2,0.437,0.482,1.9,2.2,0.868,0.1,1.5,1.6,1.2,0.4,0.2,0.9,1.3,8.4
105,Raul Neto, netora01,26,37,1,12.8,2,4.4,0.46,0.5,1.6,0.333,1.5,2.7,0.535,0.522,0.8,0.9,0.848,0.2,1.5,1.7,2.5,0.4,0.1,0.9,1.3,5.3
106,Thabo Sefolosha, sefolth01,34,50,2,12.2,1.4,3,0.477,0.7,1.6,0.436,0.7,1.4,0.521,0.591,0.3,0.4,0.636,0.2,2.3,2.5,0.5,0.9,0.1,0.5,0.8,3.8
107,Tony Bradley, bradlto01,21,3,0,12,2.7,5.3,0.5,0,0,,2.7,5.3,0.5,0.5,0.3,0.7,0.5,3,2,5,0.3,0.7,0.7,1,2,5.7
108,Grayson Allen, allengr01,23,38,2,10.9,1.8,4.7,0.376,0.8,2.6,0.323,0.9,2.1,0.443,0.466,1.2,1.6,0.75,0.1,0.5,0.6,0.7,0.2,0.2,0.9,1.2,5.6
109,Georges Niang, niangge01,25,59,0,8.7,1.5,3.1,0.475,0.7,1.8,0.41,0.7,1.3,0.566,0.594,0.3,0.4,0.833,0.2,1.3,1.5,0.6,0.2,0.1,0.4,1,4
110,Ekpe Udoh, udohek01,31,51,1,6.3,1,1.4,0.694,0,0,,1,1.4,0.694,0.694,0.4,0.6,0.633,0.5,1.2,1.8,0.5,0.2,0.6,0.3,0.7,2.3
111,Naz Mitrou-Long, mitrona01,25,14,0,6,0.4,1.4,0.3,0.1,0.8,0.182,0.3,0.6,0.444,0.35,0.1,0.1,1,0.1,0.4,0.4,1.1,0.1,0.1,0.6,0.7,1.1
112,Tyler Cavanaugh, cavanty01,24,11,0,3.5,0.3,0.9,0.3,0.1,0.5,0.2,0.2,0.5,0.4,0.35,0.2,0.2,1,0.3,0.5,0.7,0.1,0,0,0.1,0.3,0.8
113,DeMar DeRozan, derozde01,29,77,77,34.9,8.2,17.1,0.481,0.1,0.6,0.156,8.1,16.5,0.492,0.483,4.8,5.7,0.83,0.7,5.3,6,6.2,1.1,0.5,2.6,2.3,21.2
114,LaMarcus Aldridge, aldrila01,33,81,81,33.2,8.4,16.3,0.519,0.1,0.5,0.238,8.3,15.8,0.528,0.522,4.3,5.1,0.847,3.1,6.1,9.2,2.4,0.5,1.3,1.8,2.2,21.3
115,Bryn Forbes, forbebr01,25,82,81,28,4.4,9.6,0.456,2.1,5,0.426,2.3,4.6,0.489,0.568,0.8,1,0.885,0.2,2.7,2.9,2.1,0.5,0,1,1.9,11.8
116,Rudy Gay, gayru01,32,69,51,26.7,5.4,10.8,0.504,1.1,2.7,0.402,4.4,8.1,0.537,0.554,1.7,2.1,0.816,0.9,5.9,6.8,2.6,0.8,0.5,1.7,2.3,13.7
117,Derrick White, whitede01,24,67,55,25.8,3.9,8.1,0.479,0.7,2.1,0.338,3.2,6,0.529,0.523,1.4,1.8,0.772,0.5,3.2,3.7,3.9,1,0.7,1.4,2.2,9.9
118,Patty Mills, millspa02,30,82,1,23.3,3.4,8.1,0.425,1.9,4.9,0.394,1.5,3.2,0.475,0.545,1.1,1.3,0.854,0.3,1.9,2.2,3,0.6,0.1,1.1,1.6,9.9
119,Marco Belinelli, belinma01,32,79,1,23,3.6,8.7,0.413,1.9,5,0.372,1.7,3.7,0.468,0.52,1.4,1.6,0.903,0.2,2.3,2.5,1.7,0.4,0.1,0.9,1.5,10.5
120,Davis Bertans, bertada01,26,76,12,21.5,2.7,6,0.45,1.9,4.4,0.429,0.8,1.5,0.513,0.61,0.7,0.8,0.883,0.3,3.2,3.5,1.3,0.5,0.4,0.6,1.8,8
121,Jakob Poeltl, poeltja01,23,77,24,16.5,2.4,3.8,0.645,0,0,,2.4,3.8,0.645,0.645,0.6,1.2,0.533,2.3,3,5.3,1.2,0.4,0.9,0.6,1.6,5.5
122,Dante Cunningham, cunnida01,31,64,21,14.5,1.2,2.5,0.475,0.5,1,0.462,0.7,1.5,0.484,0.57,0.2,0.3,0.778,0.8,2.2,2.9,0.8,0.4,0.2,0.3,1.1,3
123,Pau Gasol, gasolpa01,38,27,6,12.2,1.5,3.3,0.466,0.2,0.4,0.5,1.3,2.9,0.462,0.494,1,1.4,0.711,0.8,3.9,4.7,1.9,0.2,0.5,0.5,1,4.2
124,Lonnie Walker, walkelo01,20,17,0,6.9,0.9,2.7,0.348,0.3,0.8,0.385,0.6,1.9,0.333,0.402,0.5,0.6,0.8,0,1,1,0.5,0.4,0.2,0.2,0.4,2.6
125,Quincy Pondexter, pondequ01,30,53,0,5.5,0.5,1.1,0.5,0.1,0.3,0.333,0.4,0.8,0.575,0.552,0.6,0.8,0.81,0.2,0.7,0.9,0.5,0.2,0,0.2,0.5,1.8
126,Chimezie Metu, metuch01,21,29,0,5,0.7,2,0.328,0,0.1,0,0.7,1.9,0.339,0.328,0.4,0.6,0.765,0.3,0.9,1.2,0.4,0.2,0.1,0.5,0.5,1.8
127,Drew Eubanks, eubandr01,21,23,0,4.9,0.7,1.1,0.577,0,0,,0.7,1.1,0.577,0.577,0.5,0.6,0.846,0.3,1.2,1.5,0.3,0.1,0.2,0.3,0.5,1.8
128,Donatas Motiejunas, motiedo01,28,3,0,4.3,1,2,0.5,0,0,,1,2,0.5,0.5,0,0.7,0,0.7,0.3,1,0.3,0,0.3,1,2,2
129,Tobias Harris, harrito02,26,55,55,34.6,7.7,15.5,0.496,2,4.7,0.434,5.7,10.9,0.523,0.561,3.5,4,0.877,0.7,7.2,7.9,2.7,0.7,0.4,2,2.2,20.9
130,Danilo Gallinari, gallida01,30,68,68,30.3,6,13,0.463,2.4,5.5,0.433,3.6,7.5,0.484,0.554,5.4,6,0.904,0.8,5.3,6.1,2.6,0.7,0.3,1.5,1.9,19.8
131,Avery Bradley, bradlav01,28,49,49,29.9,3.3,8.6,0.383,1.2,3.5,0.337,2.1,5.1,0.415,0.452,0.4,0.5,0.8,0.7,2,2.7,2,0.6,0.3,1.2,2.7,8.2
132,Landry Shamet, shamela01,21,25,23,27.8,3.5,8.4,0.414,2.7,6,0.45,0.8,2.4,0.322,0.576,1.2,1.6,0.795,0.3,2,2.2,2.3,0.5,0.1,0.8,2,10.9
133,Patrick Beverley, beverpa01,30,78,49,27.4,2.5,6.1,0.407,1.4,3.6,0.397,1.1,2.5,0.421,0.524,1.2,1.6,0.78,1,4,5,3.8,0.9,0.6,1.1,3.4,7.6
134,Lou Williams, willilo02,32,75,1,26.6,6.5,15.2,0.425,1.4,3.9,0.361,5.1,11.3,0.447,0.471,5.7,6.5,0.876,0.5,2.4,3,5.4,0.8,0.1,2.4,1.1,20
135,Shai Gilgeous-Alexander, gilgesh01,20,82,73,26.5,4.2,8.7,0.476,0.6,1.7,0.367,3.5,7,0.503,0.512,1.9,2.4,0.8,0.7,2.1,2.8,3.3,1.2,0.5,1.7,2.1,10.8
136,Montrezl Harrell, harremo01,25,82,5,26.3,6.7,10.8,0.615,0,0.2,0.176,6.6,10.6,0.623,0.617,3.2,5,0.643,2.2,4.3,6.5,2,0.9,1.3,1.6,3.1,16.6
137,Ivica Zubac, zubaciv01,21,26,25,20.2,3.8,7.2,0.538,0,0,,3.8,7.2,0.538,0.538,1.7,2.3,0.733,2.3,5.3,7.7,1.5,0.4,0.9,1.4,2.5,9.4
138,JaMychal Green, greenja01,28,24,2,19.6,3.3,6.8,0.482,1.4,3.3,0.413,1.9,3.5,0.548,0.582,0.7,0.9,0.81,1.3,5.2,6.5,0.6,0.5,0.3,1,2.9,8.7
139,Garrett Temple, templga01,32,26,6,19.6,1.6,4.1,0.396,0.6,2.1,0.296,1,2,0.5,0.472,0.9,1.2,0.742,0.4,2.1,2.5,1.4,1,0.2,0.6,2.7,4.7
140,Marcin Gortat, gortama01,34,47,43,16,2.1,4,0.532,0,0,,2.1,4,0.532,0.532,0.7,1,0.729,1.4,4.1,5.6,1.4,0.1,0.5,1.1,2,5
141,Luc Mbah a Moute, mbahalu01,32,4,0,15.3,2,4.5,0.444,0.5,1.5,0.333,1.5,3,0.5,0.5,0.5,1.3,0.4,0.5,1.3,1.8,0.5,0.3,0.3,0.5,2,5
142,Wilson Chandler, chandwi01,31,15,1,15.1,1.5,4.4,0.348,0.9,2.7,0.325,0.7,1.7,0.385,0.447,0.3,0.5,0.714,0.3,2.9,3.1,0.7,0.2,0.2,0.5,1.9,4.3
143,Mike Scott, scottmi01,30,52,0,14.4,1.8,4.4,0.4,1,2.6,0.391,0.8,1.9,0.412,0.513,0.2,0.3,0.667,0.5,2.9,3.3,0.8,0.3,0.2,0.5,1.7,4.8
144,Boban Marjanovic, marjabo01,30,36,9,10.4,2.4,3.9,0.607,0,0.1,0,2.4,3.8,0.616,0.607,2,2.6,0.758,1.5,2.7,4.2,0.6,0.3,0.5,1,1.6,6.7
145,Tyrone Wallace, wallaty01,24,62,0,10.1,1.5,3.5,0.424,0.1,0.3,0.211,1.4,3.2,0.444,0.433,0.5,0.9,0.526,0.3,1.3,1.6,0.7,0.3,0.1,0.6,1.3,3.5
146,Milos Teodosic, teodomi01,31,15,0,10,1.1,2.7,0.425,0.7,1.8,0.37,0.5,0.9,0.538,0.55,0.3,0.5,0.571,0.2,0.9,1.1,2.1,0.2,0.1,1.4,1.8,3.2
147,Jerome Robinson, robinje01,21,33,0,9.7,1.3,3.3,0.4,0.5,1.7,0.316,0.8,1.6,0.491,0.482,0.2,0.3,0.667,0.1,1.2,1.2,0.6,0.3,0.1,0.4,1.4,3.4
148,Angel Delgado, delgaan01,24,2,0,7.5,0.5,2.5,0.2,0,0,,0.5,2.5,0.2,0.2,0.5,1,0.5,1,1,2,0,0.5,0,0,1,1.5
149,Johnathan Motley, motlejo01,23,22,0,7.1,1.8,3.3,0.534,0,0.1,0,1.8,3.2,0.557,0.534,1.1,1.8,0.6,0.8,1.5,2.3,0.5,0.2,0.1,0.7,1.2,4.6
150,Sindarius Thornwell, thornsi01,24,64,1,4.9,0.3,0.8,0.347,0,0.2,0.2,0.2,0.5,0.412,0.378,0.4,0.5,0.735,0.1,0.6,0.7,0.3,0.2,0.1,0.3,0.6,1
